VDIFF VIN_MEAS VALID_SEEN T_DEBUG CODE C9 C8 C7 C6 C5 C4 C3 C2 C1 C0 AINP AINN VCP VCN VCP_MINUS_VCN VOUTP VOUTN DBP9 DBP8 DBP7 DBP6 DBP5 DBP4 DBP3 DBP2 DBP1 DBP0 DBN9 DBN8 DBN7 DBN6 DBN5 DBN4 DBN3 DBN2 DBN1 DBN0 BP9 BP8 BP7 BP6 BP5 BP4 BP3 BP2 BP1 BP0 BN9 BN8 BN7 BN6 BN5 BN4 BN3 BN2 BN1 BN0 MONOTONIC_FAIL MISSING_JUMP
-1.6 -1.6 1 1.22554E-06 14 0 0 0 0 0 0 1 1 1 0 0.85 2.45 2.47329 2.47477 -0.001473 -0.108049 3.3 3.3 3.3 3.3 3.3 3.3 3.3 1.00067E-08 1.00698E-08 1.01036E-08 9.71711E-09 -3.64635E-08 3.60471E-08 1.53869E-08 1.17123E-08 1.06268E-08 1.01587E-08 3.3 3.3 3.3 9.76018E-09 3.3 3.3 3.3 3.3 3.3 3.3 1.65 1.65 1.65 1.65 1.65 1.65 1.65 1.65 1.65 1.65 3.3 3.3 3.3 1.65 0 0
-1.2 -1.2 1 1.22554E-06 139 0 0 1 0 0 0 1 0 1 1 1.05 2.25 2.47491 2.47423 0.00068 3.3 -0.181845 3.3 3.3 8.51005E-09 3.3 3.3 3.3 1.00167E-08 3.3 1.01355E-08 9.71824E-09 -3.4928E-08 3.63019E-08 3.3 1.16261E-08 1.05859E-08 1.01341E-08 3.3 9.83689E-09 3.3 9.75714E-09 3.3 3.3 1.65 3.3 3.3 3.3 1.65 3.3 1.65 1.65 1.65 1.65 3.3 1.65 1.65 1.65 3.3 1.65 3.3 1.65 0 0
-0.8 -0.8 1 1.22554E-06 263 0 1 0 0 0 0 0 1 1 1 1.25 2.05 2.47699 2.47489 0.002101 3.3 -0.181855 3.3 5.89599E-09 3.3 3.3 3.3 3.3 3.3 1.00832E-08 1.01382E-08 9.71874E-09 -2.6257E-08 3.3 1.72887E-08 1.20481E-08 1.07438E-08 1.02042E-08 9.96277E-09 3.3 3.3 9.75991E-09 3.3 1.65 3.3 3.3 3.3 3.3 3.3 1.65 1.65 1.65 1.65 3.3 1.65 1.65 1.65 1.65 1.65 3.3 3.3 1.65 0 0
-0.4 -0.4 1 1.22554E-06 387 0 1 1 0 0 0 0 0 1 1 1.45 1.85 2.47812 2.47515 0.002975 3.3 -0.181863 3.3 5.97619E-09 8.55749E-09 3.3 3.3 3.3 3.3 3.3 1.01528E-08 9.73145E-09 -2.37986E-08 3.3 3.3 1.1941E-08 1.06939E-08 1.01815E-08 9.95447E-09 9.85524E-09 3.3 9.76942E-09 3.3 1.65 1.65 3.3 3.3 3.3 3.3 3.3 1.65 1.65 1.65 3.3 3.3 1.65 1.65 1.65 1.65 1.65 3.3 1.65 0 0
-0.1 -0.1 1 1.22554E-06 480 0 1 1 1 1 0 0 0 0 0 1.6 1.7 2.47652 2.47659 -7.3E-05 -0.107833 3.3 3.3 6.02171E-09 9.3821E-09 9.47399E-09 9.80611E-09 3.3 3.3 3.3 3.3 9.72499E-09 -2.38942E-08 3.3 3.3 3.3 3.3 1.0142E-08 9.92513E-09 9.83214E-09 9.79151E-09 9.75547E-09 3.3 1.65 1.65 1.65 1.65 3.3 3.3 3.3 3.3 1.65 1.65 3.3 3.3 3.3 3.3 1.65 1.65 1.65 1.65 1.65 0 0
-0.020 -0.02 1 1.22554E-06 505 0 1 1 1 1 1 1 0 0 1 1.64 1.66 2.47782 2.47526 0.002558 3.3 -0.181839 3.3 6.03262E-09 8.6131E-09 9.48748E-09 9.81904E-09 9.97095E-09 1.00501E-08 3.3 3.3 9.72628E-09 -2.3253E-08 3.3 3.3 3.3 3.3 3.3 3.3 9.82772E-09 9.78894E-09 9.75432E-09 3.3 1.65 1.65 1.65 1.65 1.65 1.65 3.3 3.3 1.65 1.65 3.3 3.3 3.3 3.3 3.3 3.3 1.65 1.65 1.65 0 0
-0.010 -0.01 1 1.22554E-06 508 0 1 1 1 1 1 1 1 0 0 1.645 1.655 2.47638 2.47671 -0.000329 -0.107648 3.3 3.3 6.05296E-09 9.35693E-09 9.4936E-09 9.82349E-09 9.9726E-09 1.00507E-08 1.00914E-08 3.3 9.72759E-09 -2.38746E-08 3.3 3.3 3.3 3.3 3.3 3.3 3.3 9.78996E-09 9.75461E-09 3.3 1.65 1.65 1.65 1.65 1.65 1.65 1.65 3.3 1.65 1.65 3.3 3.3 3.3 3.3 3.3 3.3 3.3 1.65 1.65 0 0
-0.0064453125 -0.006446 1 1.22554E-06 510 0 1 1 1 1 1 1 1 1 0 1.64678 1.65322 2.47494 2.47815 -0.003214 -0.108192 3.3 3.3 6.07138E-09 9.34664E-09 9.50091E-09 9.82863E-09 9.977E-09 1.00535E-08 1.00945E-08 1.01172E-08 9.73159E-09 -2.36866E-08 3.3 3.3 3.3 3.3 3.3 3.3 3.3 3.3 9.75817E-09 3.3 1.65 1.65 1.65 1.65 1.65 1.65 1.65 1.65 1.65 1.65 3.3 3.3 3.3 3.3 3.3 3.3 3.3 3.3 1.65 0 0
-0.00322265625 -0.003222 1 1.22554E-06 511 0 1 1 1 1 1 1 1 1 1 1.64839 1.65161 2.47654 2.47654 0 3.3 -0.181764 3.3 6.05333E-09 8.59734E-09 9.49623E-09 9.82706E-09 9.97657E-09 1.00557E-08 1.01002E-08 1.01434E-08 9.72738E-09 -2.33037E-08 3.3 3.3 3.3 3.3 3.3 3.3 3.3 3.3 9.75511E-09 3.3 1.65 1.65 1.65 1.65 1.65 1.65 1.65 1.65 1.65 1.65 3.3 3.3 3.3 3.3 3.3 3.3 3.3 3.3 1.65 0 0
-0.001611328125 -0.001612 1 1.22554E-06 511 0 1 1 1 1 1 1 1 1 1 1.64919 1.65081 2.47735 2.47574 0.001608 3.3 -0.18185 3.3 6.05186E-09 8.5996E-09 9.50027E-09 9.83012E-09 9.98032E-09 1.00603E-08 1.01055E-08 1.01479E-08 9.73363E-09 -2.32714E-08 3.3 3.3 3.3 3.3 3.3 3.3 3.3 3.3 9.76099E-09 3.3 1.65 1.65 1.65 1.65 1.65 1.65 1.65 1.65 1.65 1.65 3.3 3.3 3.3 3.3 3.3 3.3 3.3 3.3 1.65 0 0
0 0 1 1.22554E-06 512 1 0 0 0 0 0 0 0 0 0 1.65 1.65 2.47493 2.47815 -0.003216 -0.109371 3.3 -2.40053E-08 3.3 3.3 3.3 3.3 3.3 3.3 3.3 3.3 9.75194E-09 3.3 6.03842E-09 8.60534E-09 9.10957E-09 9.43795E-09 9.58587E-09 9.66283E-09 9.70524E-09 9.72801E-09 9.72448E-09 1.65 3.3 3.3 3.3 3.3 3.3 3.3 3.3 3.3 1.65 3.3 1.65 1.65 1.65 1.65 1.65 1.65 1.65 1.65 1.65 0 0
0.001611328125 0.001612 1 1.22554E-06 512 1 0 0 0 0 0 0 0 0 0 1.65081 1.64919 2.47574 2.47735 -0.001608 -0.10943 3.3 -2.40337E-08 3.3 3.3 3.3 3.3 3.3 3.3 3.3 3.3 9.75144E-09 3.3 6.04426E-09 8.60752E-09 9.11032E-09 9.43752E-09 9.58605E-09 9.66235E-09 9.70536E-09 9.72808E-09 9.72345E-09 1.65 3.3 3.3 3.3 3.3 3.3 3.3 3.3 3.3 1.65 3.3 1.65 1.65 1.65 1.65 1.65 1.65 1.65 1.65 1.65 0 0
0.00322265625 0.003222 1 1.22554E-06 512 1 0 0 0 0 0 0 0 0 0 1.65161 1.64839 2.47654 2.47654 0 -0.108907 3.3 -2.40631E-08 3.3 3.3 3.3 3.3 3.3 3.3 3.3 3.3 9.75163E-09 3.3 6.05008E-09 8.6099E-09 9.11146E-09 9.43867E-09 9.58695E-09 9.66338E-09 9.70599E-09 9.72792E-09 9.72504E-09 1.65 3.3 3.3 3.3 3.3 3.3 3.3 3.3 3.3 1.65 3.3 1.65 1.65 1.65 1.65 1.65 1.65 1.65 1.65 1.65 0 0
0.0064453125 0.006446 1 1.22554E-06 513 1 0 0 0 0 0 0 0 0 1 1.65322 1.64678 2.47815 2.47494 0.003214 3.3 -0.182319 -2.40149E-08 3.3 3.3 3.3 3.3 3.3 3.3 3.3 3.3 9.76165E-09 3.3 6.07086E-09 9.38899E-09 9.12239E-09 9.44898E-09 9.59707E-09 9.67357E-09 9.71565E-09 9.73717E-09 9.73432E-09 1.65 3.3 3.3 3.3 3.3 3.3 3.3 3.3 3.3 1.65 3.3 1.65 1.65 1.65 1.65 1.65 1.65 1.65 1.65 1.65 0 0
0.010 0.01 1 1.22554E-06 515 1 0 0 0 0 0 0 0 1 1 1.655 1.645 2.47671 2.47638 0.000329 3.3 -0.18186 -2.3971E-08 3.3 3.3 3.3 3.3 3.3 3.3 3.3 1.0213E-08 9.75376E-09 3.3 6.05018E-09 9.37032E-09 9.11072E-09 9.43743E-09 9.58666E-09 9.66418E-09 9.70786E-09 3.3 9.72601E-09 1.65 3.3 3.3 3.3 3.3 3.3 3.3 3.3 1.65 1.65 3.3 1.65 1.65 1.65 1.65 1.65 1.65 1.65 3.3 1.65 0 0
0.020 0.02 1 1.22554E-06 518 1 0 0 0 0 0 0 1 1 0 1.66 1.64 2.47526 2.47782 -0.002558 -0.110417 3.3 -2.40141E-08 3.3 3.3 3.3 3.3 3.3 3.3 1.02186E-08 1.01814E-08 9.75446E-09 3.3 6.03264E-09 8.85371E-09 9.10271E-09 9.43143E-09 9.58199E-09 9.66122E-09 3.3 3.3 9.72465E-09 1.65 3.3 3.3 3.3 3.3 3.3 3.3 1.65 1.65 1.65 3.3 1.65 1.65 1.65 1.65 1.65 1.65 3.3 3.3 1.65 0 0
0.1 0.1 1 1.22554E-06 543 1 0 0 0 0 1 1 1 1 1 1.7 1.6 2.47659 2.47652 7.3E-05 3.3 -0.182416 -2.3982E-08 3.3 3.3 3.3 3.3 1.05339E-08 1.03216E-08 1.0233E-08 1.02118E-08 9.75852E-09 3.3 6.02376E-09 9.33552E-09 9.08709E-09 9.41653E-09 3.3 3.3 3.3 3.3 9.72714E-09 1.65 3.3 3.3 3.3 3.3 1.65 1.65 1.65 1.65 1.65 3.3 1.65 1.65 1.65 1.65 3.3 3.3 3.3 3.3 1.65 0 0
0.4 0.4 1 1.22554E-06 636 1 0 0 1 1 1 1 1 0 0 1.85 1.45 2.47515 2.47812 -0.002975 -0.110239 3.3 -2.45847E-08 3.3 3.3 1.23075E-08 1.10668E-08 1.0555E-08 1.03296E-08 1.02299E-08 3.3 9.75797E-09 3.3 5.96915E-09 8.55236E-09 3.3 3.3 3.3 3.3 3.3 9.72035E-09 9.72084E-09 1.65 3.3 3.3 1.65 1.65 1.65 1.65 1.65 3.3 1.65 3.3 1.65 1.65 3.3 3.3 3.3 3.3 3.3 1.65 1.65 0 0
0.8 0.8 1 1.22554E-06 760 1 0 1 1 1 1 1 0 0 0 2.05 1.25 2.47489 2.47699 -0.002101 -0.110641 3.3 -2.7009E-08 3.3 1.7304E-08 1.24313E-08 1.11312E-08 1.05926E-08 1.03533E-08 3.3 3.3 9.76244E-09 3.3 5.90086E-09 3.3 3.3 3.3 3.3 3.3 9.68647E-09 9.71927E-09 9.72096E-09 1.65 3.3 1.65 1.65 1.65 1.65 1.65 3.3 3.3 1.65 3.3 1.65 3.3 3.3 3.3 3.3 3.3 1.65 1.65 1.65 0 0
1.2 1.2 1 1.22554E-06 884 1 1 0 1 1 1 0 1 0 0 2.25 1.05 2.47423 2.47491 -0.00068 -0.110421 3.3 -3.56944E-08 3.62828E-08 3.3 1.201E-08 1.09743E-08 1.05234E-08 3.3 1.0226E-08 3.3 9.75993E-09 3.3 3.3 8.52301E-09 3.3 3.3 3.3 9.62789E-09 3.3 9.71923E-09 9.72021E-09 1.65 1.65 3.3 1.65 1.65 1.65 3.3 1.65 3.3 1.65 3.3 3.3 1.65 3.3 3.3 3.3 1.65 3.3 1.65 1.65 0 0
1.6 1.6 1 1.22554E-06 1009 1 1 1 1 1 1 0 0 0 1 2.45 0.85 2.47477 2.47329 0.001473 3.3 -0.181927 -3.68127E-08 3.60808E-08 1.51591E-08 1.21029E-08 1.10181E-08 1.05499E-08 3.3 3.3 3.3 9.76184E-09 3.3 3.3 3.3 3.3 3.3 3.3 9.62055E-09 9.67989E-09 9.71593E-09 9.71898E-09 1.65 1.65 1.65 1.65 1.65 1.65 3.3 3.3 3.3 1.65 3.3 3.3 3.3 3.3 3.3 3.3 1.65 1.65 1.65 1.65 0 0
==================================================
RAMP_SUMMARY
number_of_points = 21
monotonic_fail_count = 0
missing_jump_count_sparse_near_midscale = 0
Expected: code should move monotonically upward with VDIFF.
Expected: near VDIFF=0 code should be close to 511 or 512.
Expected: near VDIFF=-1.6 code should be close to low end.
Expected: near VDIFF=+1.6 code should be close to high end.
==================================================
