=============================================
Delay versus positive VDIFF
columns: VDIFF tclk tout td Voutp4n Voutn4n Pavg
=============================================
500e-6 1.01E-09 1.94483E-09 9.34829E-10 3.3 2.35016E-09 0.00137016
1e-3 1.01E-09 1.88957E-09 8.79573E-10 3.3 2.33777E-09 0.00131817
1.611328125e-3 1.01E-09 1.85165E-09 8.41646E-10 3.3 2.33201E-09 0.00128244
3.22265625e-3 1.01E-09 1.79684E-09 7.86836E-10 3.3 2.32641E-09 0.00123066
5e-3 1.01E-09 1.76242E-09 7.52421E-10 3.3 2.32435E-09 0.00119801
10e-3 1.01E-09 1.709E-09 6.99004E-10 3.3 2.32195E-09 0.00114695
20e-3 1.01E-09 1.65741E-09 6.47415E-10 3.3 2.32053E-09 0.00109694
50e-3 1.01E-09 1.59406E-09 5.84059E-10 3.3 2.3194E-09 0.00103436
