=============================================
StrongARM VDIFF sweep sampled at 4 ns
columns: VDIFF Voutp Voutn Vod X Y P Q net1 net2 net3 IDDavg Pavg
=============================================
-50e-3 2.38489E-05 3.3 -3.29998 0.117048 3.29307 0.10461 0.0775319 0.0733897 3.29685 6.24365E-05 -0.000743781 0.00245448
-20e-3 3.47698E-05 3.3 -3.29996 0.17359 3.28974 0.155165 0.112146 0.106303 3.29534 9.11087E-05 -0.000772688 0.00254987
-10e-3 4.67726E-05 3.3 -3.29995 0.236122 3.28603 0.211021 0.148261 0.14076 3.29365 0.000122175 -0.000802758 0.0026491
-5e-3 6.38009E-05 3.3 -3.29993 0.322145 3.28092 0.287746 0.193022 0.183939 3.2913 0.00016166 -0.000834378 0.00275345
-2e-3 0.000128676 3.29998 -3.29985 0.481793 3.27185 0.429708 0.256486 0.247722 3.28661 0.000201261 -0.000875504 0.00288916
-1e-3 0.000556812 3.29988 -3.29933 0.643852 3.26461 0.573399 0.292545 0.287957 3.27737 0.000168474 -0.000904482 0.00298479
1e-3 3.29988 0.000556811 3.29933 3.26461 0.643851 0.292545 0.573398 0.287956 0.000168474 3.27737 -0.000904482 0.00298479
2e-3 3.29998 0.000128676 3.29985 3.27185 0.481793 0.256487 0.429708 0.247722 0.000201261 3.28661 -0.000875502 0.00288916
5e-3 3.3 6.3801E-05 3.29993 3.28092 0.322145 0.193022 0.287746 0.183939 0.00016166 3.2913 -0.000834375 0.00275344
10e-3 3.3 4.67725E-05 3.29995 3.28603 0.236121 0.148261 0.21102 0.14076 0.000122175 3.29365 -0.000802758 0.0026491
20e-3 3.3 3.47699E-05 3.29996 3.28974 0.173591 0.112146 0.155165 0.106303 9.11088E-05 3.29534 -0.000772686 0.00254986
50e-3 3.3 2.38489E-05 3.29998 3.29307 0.117048 0.077532 0.10461 0.0733898 6.24365E-05 3.29685 -0.000743781 0.00245448
